State (Emission order)	Genome %	CpGIsland.hg19.bed.gz	RefSeqExon.hg19.bed.gz	RefSeqGene.hg19.bed.gz	RefSeqTES.hg19.bed.gz	RefSeqTSS.hg19.bed.gz	RefSeqTSS2kb.hg19.bed.gz	laminB1lads.hg19.bed.gz
1	8.51210	0.60789	0.82650	0.91440	0.94363	0.79101	1.17567	1.62931
2	71.90596	0.28539	0.59064	0.81064	0.67497	0.34954	0.54135	1.09470
3	3.06231	0.55323	1.09178	0.80774	1.07416	0.50709	0.64912	0.90665
4	7.31708	0.60870	3.61118	2.18618	3.22385	0.42445	0.67212	0.26827
5	3.39881	0.38058	1.66347	2.28224	1.39340	0.52009	1.12355	0.13031
6	0.95003	2.75338	2.63427	2.21655	3.12936	2.43566	9.03400	0.13114
7	1.63285	35.04741	5.03769	1.23886	2.21682	30.27830	14.19691	0.35167
8	3.22087	2.17939	1.34922	1.10876	1.62260	3.08998	2.66321	0.47649
Base	100	0.6832847744	2.4487802305	42.0774209923	0.0009290009	0.0010525920	3.4107529258	36.8568410921
